Anisotropic 
In units of GPa, the stiffness tensor is
242.679257 134.861085 134.280518 -0.122455 -0.184761 -0.826415 
134.861085 242.686921 134.293481 -0.464750 0.306287 -0.381003 
134.280518 134.293481 238.316989 -0.492973 -0.230937 -0.759450 
-0.122455 -0.464750 -0.492973 76.739700 0.167996 0.249121 
-0.184761 0.306287 -0.230937 0.167996 76.949234 -0.154457 
-0.826415 -0.381003 -0.759450 0.249121 -0.154457 76.709362 
In units of 1/GPa, the compliance tensor is 
0.006848 -0.002427 -0.002491 -0.000020 0.000019 0.000037 
-0.002427 0.006848 -0.002491 0.000022 -0.000041 -0.000017 
-0.002491 -0.002491 0.007004 0.000026 0.000025 0.000030 
-0.000020 0.000022 0.000026 0.013032 -0.000029 -0.000042 
0.000019 -0.000041 0.000025 -0.000029 0.012996 0.000027 
0.000037 -0.000017 0.000030 -0.000042 0.000027 0.013037 
